{
  "uniprot_id": "P62988",
  "num_structures": 1,
  "num_conformations_total": 1,
  "num_residues": 76,
  "residues": [
    {
      "index": 0,
      "residue_number": 1,
      "residue_name": "MET",
      "flex_score": 0.0,
      "dsa_score": 1679579853.4205556
    },
    {
      "index": 1,
      "residue_number": 2,
      "residue_name": "GLN",
      "flex_score": 0.0,
      "dsa_score": 1564252646.527449
    },
    {
      "index": 2,
      "residue_number": 3,
      "residue_name": "ILE",
      "flex_score": 0.0,
      "dsa_score": 1367957369.4313
    },
    {
      "index": 3,
      "residue_number": 4,
      "residue_name": "PHE",
      "flex_score": 0.0,
      "dsa_score": 1348976411.2243876
    },
    {
      "index": 4,
      "residue_number": 5,
      "residue_name": "VAL",
      "flex_score": 0.0,
      "dsa_score": 1236499928.2338638
    },
    {
      "index": 5,
      "residue_number": 6,
      "residue_name": "LYS",
      "flex_score": 0.0,
      "dsa_score": 1378644027.8861344
    },
    {
      "index": 6,
      "residue_number": 7,
      "residue_name": "THR",
      "flex_score": 0.0,
      "dsa_score": 1427957211.9360025
    },
    {
      "index": 7,
      "residue_number": 8,
      "residue_name": "LEU",
      "flex_score": 0.0,
      "dsa_score": 1643552439.8811555
    },
    {
      "index": 8,
      "residue_number": 9,
      "residue_name": "THR",
      "flex_score": 0.0,
      "dsa_score": 1815876463.0257986
    },
    {
      "index": 9,
      "residue_number": 10,
      "residue_name": "GLY",
      "flex_score": 0.0,
      "dsa_score": 1814742397.5846395
    },
    {
      "index": 10,
      "residue_number": 11,
      "residue_name": "LYS",
      "flex_score": 0.0,
      "dsa_score": 1684944417.9915268
    },
    {
      "index": 11,
      "residue_number": 12,
      "residue_name": "THR",
      "flex_score": 0.0,
      "dsa_score": 1522856850.861666
    },
    {
      "index": 12,
      "residue_number": 13,
      "residue_name": "ILE",
      "flex_score": 0.0,
      "dsa_score": 1430826679.204543
    },
    {
      "index": 13,
      "residue_number": 14,
      "residue_name": "THR",
      "flex_score": 0.0,
      "dsa_score": 1457282559.107838
    },
    {
      "index": 14,
      "residue_number": 15,
      "residue_name": "LEU",
      "flex_score": 0.0,
      "dsa_score": 1381189721.7250109
    },
    {
      "index": 15,
      "residue_number": 16,
      "residue_name": "GLU",
      "flex_score": 0.0,
      "dsa_score": 1522881873.3759017
    },
    {
      "index": 16,
      "residue_number": 17,
      "residue_name": "VAL",
      "flex_score": 0.0,
      "dsa_score": 1451141449.1267278
    },
    {
      "index": 17,
      "residue_number": 18,
      "residue_name": "GLU",
      "flex_score": 0.0,
      "dsa_score": 1588929106.0370975
    },
    {
      "index": 18,
      "residue_number": 19,
      "residue_name": "PRO",
      "flex_score": 0.0,
      "dsa_score": 1562660956.3766325
    },
    {
      "index": 19,
      "residue_number": 20,
      "residue_name": "SER",
      "flex_score": 0.0,
      "dsa_score": 1681750144.854595
    },
    {
      "index": 20,
      "residue_number": 21,
      "residue_name": "ASP",
      "flex_score": 0.0,
      "dsa_score": 1488743054.424544
    },
    {
      "index": 21,
      "residue_number": 22,
      "residue_name": "THR",
      "flex_score": 0.0,
      "dsa_score": 1429046717.9450982
    },
    {
      "index": 22,
      "residue_number": 23,
      "residue_name": "ILE",
      "flex_score": 0.0,
      "dsa_score": 1265980949.088395
    },
    {
      "index": 23,
      "residue_number": 24,
      "residue_name": "GLU",
      "flex_score": 0.0,
      "dsa_score": 1373965381.3710666
    },
    {
      "index": 24,
      "residue_number": 25,
      "residue_name": "ASN",
      "flex_score": 0.0,
      "dsa_score": 1385655478.6270368
    },
    {
      "index": 25,
      "residue_number": 26,
      "residue_name": "VAL",
      "flex_score": 0.0,
      "dsa_score": 1215005568.399795
    },
    {
      "index": 26,
      "residue_number": 27,
      "residue_name": "LYS",
      "flex_score": 0.0,
      "dsa_score": 1223537173.8374672
    },
    {
      "index": 27,
      "residue_number": 28,
      "residue_name": "ALA",
      "flex_score": 0.0,
      "dsa_score": 1397435835.6376278
    },
    {
      "index": 28,
      "residue_number": 29,
      "residue_name": "LYS",
      "flex_score": 0.0,
      "dsa_score": 1371428110.248876
    },
    {
      "index": 29,
      "residue_number": 30,
      "residue_name": "ILE",
      "flex_score": 0.0,
      "dsa_score": 1284665510.353189
    },
    {
      "index": 30,
      "residue_number": 31,
      "residue_name": "GLN",
      "flex_score": 0.0,
      "dsa_score": 1446273305.7788248
    },
    {
      "index": 31,
      "residue_number": 32,
      "residue_name": "ASP",
      "flex_score": 0.0,
      "dsa_score": 1610076470.8354442
    },
    {
      "index": 32,
      "residue_number": 33,
      "residue_name": "LYS",
      "flex_score": 0.0,
      "dsa_score": 1583853316.132963
    },
    {
      "index": 33,
      "residue_number": 34,
      "residue_name": "GLU",
      "flex_score": 0.0,
      "dsa_score": 1569781738.813774
    },
    {
      "index": 34,
      "residue_number": 35,
      "residue_name": "GLY",
      "flex_score": 0.0,
      "dsa_score": 1654786183.781379
    },
    {
      "index": 35,
      "residue_number": 36,
      "residue_name": "ILE",
      "flex_score": 0.0,
      "dsa_score": 1506862948.3918657
    },
    {
      "index": 36,
      "residue_number": 37,
      "residue_name": "PRO",
      "flex_score": 0.0,
      "dsa_score": 1566262477.1319916
    },
    {
      "index": 37,
      "residue_number": 38,
      "residue_name": "PRO",
      "flex_score": 0.0,
      "dsa_score": 1417187215.5405393
    },
    {
      "index": 38,
      "residue_number": 39,
      "residue_name": "ASP",
      "flex_score": 0.0,
      "dsa_score": 1577047713.9937506
    },
    {
      "index": 39,
      "residue_number": 40,
      "residue_name": "GLN",
      "flex_score": 0.0,
      "dsa_score": 1520973283.5530849
    },
    {
      "index": 40,
      "residue_number": 41,
      "residue_name": "GLN",
      "flex_score": 0.0,
      "dsa_score": 1308992695.4455905
    },
    {
      "index": 41,
      "residue_number": 42,
      "residue_name": "ARG",
      "flex_score": 0.0,
      "dsa_score": 1310977128.2717083
    },
    {
      "index": 42,
      "residue_number": 43,
      "residue_name": "LEU",
      "flex_score": 0.0,
      "dsa_score": 1197284564.2315695
    },
    {
      "index": 43,
      "residue_number": 44,
      "residue_name": "ILE",
      "flex_score": 0.0,
      "dsa_score": 1308359758.6399572
    },
    {
      "index": 44,
      "residue_number": 45,
      "residue_name": "PHE",
      "flex_score": 0.0,
      "dsa_score": 1372173609.4679163
    },
    {
      "index": 45,
      "residue_number": 46,
      "residue_name": "ALA",
      "flex_score": 0.0,
      "dsa_score": 1625229768.1452005
    },
    {
      "index": 46,
      "residue_number": 47,
      "residue_name": "GLY",
      "flex_score": 0.0,
      "dsa_score": 1685246967.7881033
    },
    {
      "index": 47,
      "residue_number": 48,
      "residue_name": "LYS",
      "flex_score": 0.0,
      "dsa_score": 1587612874.080488
    },
    {
      "index": 48,
      "residue_number": 49,
      "residue_name": "GLN",
      "flex_score": 0.0,
      "dsa_score": 1451678156.7347844
    },
    {
      "index": 49,
      "residue_number": 50,
      "residue_name": "LEU",
      "flex_score": 0.0,
      "dsa_score": 1333250874.7587092
    },
    {
      "index": 50,
      "residue_number": 51,
      "residue_name": "GLU",
      "flex_score": 0.0,
      "dsa_score": 1460750877.6080372
    },
    {
      "index": 51,
      "residue_number": 52,
      "residue_name": "ASP",
      "flex_score": 0.0,
      "dsa_score": 1444331127.6484544
    },
    {
      "index": 52,
      "residue_number": 53,
      "residue_name": "GLY",
      "flex_score": 0.0,
      "dsa_score": 1640819505.2680876
    },
    {
      "index": 53,
      "residue_number": 54,
      "residue_name": "ARG",
      "flex_score": 0.0,
      "dsa_score": 1571168274.3724654
    },
    {
      "index": 54,
      "residue_number": 55,
      "residue_name": "THR",
      "flex_score": 0.0,
      "dsa_score": 1490939572.568166
    },
    {
      "index": 55,
      "residue_number": 56,
      "residue_name": "LEU",
      "flex_score": 0.0,
      "dsa_score": 1379990428.6377296
    },
    {
      "index": 56,
      "residue_number": 57,
      "residue_name": "SER",
      "flex_score": 0.0,
      "dsa_score": 1626845148.5879338
    },
    {
      "index": 57,
      "residue_number": 58,
      "residue_name": "ASP",
      "flex_score": 0.0,
      "dsa_score": 1686386151.0984619
    },
    {
      "index": 58,
      "residue_number": 59,
      "residue_name": "TYR",
      "flex_score": 0.0,
      "dsa_score": 1568852598.77052
    },
    {
      "index": 59,
      "residue_number": 60,
      "residue_name": "ASN",
      "flex_score": 0.0,
      "dsa_score": 1685613212.290566
    },
    {
      "index": 60,
      "residue_number": 61,
      "residue_name": "ILE",
      "flex_score": 0.0,
      "dsa_score": 1479083677.8905022
    },
    {
      "index": 61,
      "residue_number": 62,
      "residue_name": "GLN",
      "flex_score": 0.0,
      "dsa_score": 1645388975.6050649
    },
    {
      "index": 62,
      "residue_number": 63,
      "residue_name": "LYS",
      "flex_score": 0.0,
      "dsa_score": 1665264088.5996354
    },
    {
      "index": 63,
      "residue_number": 64,
      "residue_name": "GLU",
      "flex_score": 0.0,
      "dsa_score": 1624194373.241392
    },
    {
      "index": 64,
      "residue_number": 65,
      "residue_name": "SER",
      "flex_score": 0.0,
      "dsa_score": 1480342983.6546261
    },
    {
      "index": 65,
      "residue_number": 66,
      "residue_name": "THR",
      "flex_score": 0.0,
      "dsa_score": 1374833842.6960013
    },
    {
      "index": 66,
      "residue_number": 67,
      "residue_name": "LEU",
      "flex_score": 0.0,
      "dsa_score": 1231773765.0640328
    },
    {
      "index": 67,
      "residue_number": 68,
      "residue_name": "HIS",
      "flex_score": 0.0,
      "dsa_score": 1287830679.4324477
    },
    {
      "index": 68,
      "residue_number": 69,
      "residue_name": "LEU",
      "flex_score": 0.0,
      "dsa_score": 1247054500.0538988
    },
    {
      "index": 69,
      "residue_number": 70,
      "residue_name": "VAL",
      "flex_score": 0.0,
      "dsa_score": 1412797086.9127452
    },
    {
      "index": 70,
      "residue_number": 71,
      "residue_name": "LEU",
      "flex_score": 0.0,
      "dsa_score": 1499367123.075889
    },
    {
      "index": 71,
      "residue_number": 72,
      "residue_name": "ARG",
      "flex_score": 0.0,
      "dsa_score": 1671260234.055202
    },
    {
      "index": 72,
      "residue_number": 73,
      "residue_name": "LEU",
      "flex_score": 0.0,
      "dsa_score": 1871681401.5865042
    },
    {
      "index": 73,
      "residue_number": 74,
      "residue_name": "ARG",
      "flex_score": 0.0,
      "dsa_score": 2094336590.091923
    },
    {
      "index": 74,
      "residue_number": 75,
      "residue_name": "GLY",
      "flex_score": 0.0,
      "dsa_score": 2380864347.6366305
    },
    {
      "index": 75,
      "residue_number": 76,
      "residue_name": "GLY",
      "flex_score": 0.0,
      "dsa_score": 2531256306.907676
    }
  ],
  "global_flex_stats": {
    "min": 0.0,
    "max": 0.0,
    "mean": 0.0,
    "median": 0.0
  },
  "global_pair_matrix": {
    "type": "final_flex",
    "size": 76,
    "values": [
      [
        0.0,
        380445188.2832053,
        657617040.6433742,
        1024746770.1057314,
        1311268645.2767496,
        1647424609.7730982,
        1953711939.8234274,
        2315493828.3109474,
        2421254876.1598673,
        2216837885.306441,
        1974395037.641893,
        1602792398.9903784,
        1371688948.9061687,
        1015853474.5054398,
        820580045.6659116,
        550570368.7859112,
        536375810.5004704,
        589097375.4082283,
        796001348.8478273,
        1083191905.0190346,
        1096585444.0989683,
        1405746698.7113342,
        1482626185.8556998,
        1711304173.6692286,
        1443522055.8006349,
        1247588222.8425095,
        1596869875.9535306,
        1670057733.1682012,
        1380980771.6588938,
        1523842678.3922174,
        1868484835.1951928,
        1791264090.5079474,
        1678398454.6693044,
        1917599822.8898337,
        2170870616.415194,
        2188475131.0758204,
        2323815168.854608,
        2132895387.558505,
        2460961756.6443777,
        2461507266.0984864,
        2118306732.6973872,
        2111954750.5275931,
        1774022849.5784495,
        1823363160.8078692,
        1630340795.8224375,
        1840875638.3000998,
        2144271542.6099432,
        2087769179.7799685,
        2087225801.5793881,
        1820049812.1527765,
        1999528577.660617,
        1925480849.915923,
        1969652060.0119488,
        1746957293.101179,
        1382879407.4903572,
        1111885332.1232314,
        1192247253.0351467,
        1550502922.1030893,
        1499626398.1159585,
        1309621213.9386399,
        1026821927.1441838,
        810001987.9478406,
        539062747.1537629,
        739992624.2167568,
        963640462.0272816,
        1205069014.7613316,
        1367366550.7412457,
        1718191480.741809,
        1855608358.2769027,
        2232420955.31908,
        2427407002.512814,
        2710112591.4355984,
        2953851253.4401574,
        3217301170.281876,
        3545987013.6417804,
        3706348427.532658
      ],
      [
        380445188.2832053,
        0.0,
        379557606.045156,
        689765999.8351343,
        1007815409.1885704,
        1320824412.4074132,
        1633686791.9343686,
        1994582841.0021813,
        2073496377.03107,
        1854482383.7099776,
        1608495826.522865,
        1236353089.8194864,
        1021753475.2327484,
        662123639.615499,
        569082785.6037633,
        469695867.13674223,
        631640985.6590209,
        850030582.1505517,
        1033112099.8085012,
        1334786790.487372,
        1260146704.032171,
        1509094827.471301,
        1493096091.238556,
        1713707591.9181113,
        1465921525.3465223,
        1193761555.5646756,
        1489793278.7644117,
        1590367957.449532,
        1270021446.2458863,
        1328696921.3196335,
        1693126780.9057794,
        1635708984.907614,
        1456559877.8722482,
        1655020211.0810385,
        1945714908.0886655,
        1965247507.558961,
        2151368348.49883,
        1999807968.0186436,
        2328081429.343914,
        2275931801.962762,
        1935299583.7015238,
        1942069305.2879655,
        1613122783.924192,
        1664232662.6581142,
        1504590000.2974842,
        1735732573.0438406,
        2020159910.647326,
        2007550351.6691437,
        1991823817.8562284,
        1769574926.8480728,
        1992756445.9390182,
        1936802527.8970711,
        2052677184.7941437,
        1850546299.573253,
        1521622965.558538,
        1217947287.0027347,
        1379903770.9474287,
        1698049854.5346546,
        1574386913.1848762,
        1422139187.3687274,
        1074510940.2103453,
        899794958.2217789,
        578833974.3645132,
        554466495.2751883,
        798466441.8834473,
        954558445.9714018,
        1150660054.6750531,
        1468465047.376002,
        1605922037.2067811,
        1987031287.371505,
        2187067337.9082527,
        2499068047.163405,
        2733591015.5744734,
        3023389706.53973,
        3332093744.765016,
        3467132733.2545652
      ],
      [
        657617040.6433742,
        379557606.045156,
        0.0,
        381958782.31752455,
        677802162.4189948,
        994752549.6172327,
        1317647802.8831787,
        1668382847.6304717,
        1790915864.9866438,
        1588572870.0838318,
        1381403685.3052988,
        1006051786.4136585,
        846933421.5675925,
        581733409.0731305,
        551349353.1549745,
        652790862.9820678,
        720542765.6291677,
        950923247.5466199,
        1028946696.7990096,
        1345700183.609735,
        1227485658.0116637,
        1391456640.0018883,
        1291633273.341919,
        1544285148.5822134,
        1367606751.0612597,
        1038815139.848238,
        1291065809.0122504,
        1472872491.987708,
        1197563469.7964458,
        1170171062.839315,
        1552267967.1948507,
        1579942506.2481976,
        1399500125.6707234,
        1522235765.9900067,
        1803732225.1130722,
        1758889492.8097644,
        1945889669.7374063,
        1777700323.351369,
        2075843868.6764104,
        1994338040.659806,
        1637977493.8388517,
        1607155159.9250798,
        1267297226.8709066,
        1296025199.4864426,
        1149201942.7702389,
        1399242234.3052428,
        1662897401.389817,
        1664555074.80151,
        1648116786.9059246,
        1461721082.8688154,
        1723597657.0782154,
        1714355765.4939368,
        1875968341.917994,
        1670132145.2548718,
        1387527475.8163176,
        1056296000.1905558,
        1277267156.0303476,
        1536230161.646863,
        1351248045.5516503,
        1254891854.1828406,
        875647626.3516976,
        812959103.2647021,
        603090542.0282534,
        464737275.98375356,
        526678348.9460355,
        597974783.523179,
        771882586.831967,
        1093815707.8596814,
        1256320635.0715928,
        1635675334.4217057,
        1863780476.9429064,
        2174709385.5944757,
        2432221342.81242,
        2731527254.188937,
        3033651129.2085686,
        3153548599.3490252
      ],
      [
        1024746770.1057314,
        689765999.8351343,
        381958782.31752455,
        0.0,
        381698449.7266822,
        635248794.4467108,
        973459368.459779,
        1317116731.358566,
        1420490123.6474953,
        1206906590.8791018,
        1014383098.5922154,
        640108517.3741223,
        571163349.6641008,
        462008786.7251789,
        637136738.5905674,
        900887463.023143,
        1028886564.376184,
        1301443540.0662344,
        1366172673.2605133,
        1665043409.6495836,
        1496914716.8035638,
        1593274138.612541,
        1409779788.9158022,
        1635228637.602626,
        1505494184.69475,
        1138182925.5576518,
        1287607769.7363741,
        1501214859.5235682,
        1237636852.947045,
        1092173733.6109445,
        1466045605.9812331,
        1539900038.139847,
        1304354012.1649978,
        1338787305.4766483,
        1645013782.440526,
        1581701437.6526315,
        1819542647.6791365,
        1699217481.8817232,
        1975170471.1526127,
        1828044828.1145556,
        1485651545.4899602,
        1462048451.6414242,
        1155705708.17591,
        1179902565.9210837,
        1102113470.5241194,
        1362112641.1399896,
        1574879956.9706407,
        1629634912.7459037,
        1593103743.0599961,
        1480116118.7575684,
        1775247066.8491454,
        1792164588.7758777,
        2018288250.5001554,
        1844226643.282184,
        1618075215.466645,
        1297529481.5966668,
        1560180480.3866124,
        1762759629.5876822,
        1526890749.3388586,
        1482822067.828713,
        1102654619.4430323,
        1100781298.0618458,
        923288825.5371649,
        655119918.9625137,
        624219651.3980865,
        451503147.5524393,
        627814861.4798663,
        850190188.9007355,
        1012190549.0166566,
        1382431530.234103,
        1620305936.9162257,
        1960037183.6715972,
        2207723893.0590014,
        2534417822.6399593,
        2808247767.0083737,
        2894939389.120981
      ],
      [
        1311268645.2767496,
        1007815409.1885704,
        677802162.4189948,
        381698449.7266822,
        0.0,
        384024517.00070107,
        646570832.5708796,
        1007757470.9873561,
        1152989954.068194,
        1023571000.4570059,
        845406443.7201955,
        546383555.8604864,
        511596899.7705013,
        628559009.6451787,
        757890432.6692117,
        1088189293.1820383,
        1171012309.2757614,
        1456773544.377076,
        1495720004.4278584,
        1745234616.3329833,
        1516662039.1136475,
        1526498524.8582861,
        1268501395.8587024,
        1456134831.4726887,
        1392512280.6994593,
        1015638945.8543091,
        1057775422.7867026,
        1315361002.0491831,
        1118886363.031635,
        880784078.1772857,
        1227185098.7590423,
        1381874087.3020084,
        1171080417.68309,
        1119176080.913261,
        1387794093.8847961,
        1265581820.8896117,
        1502959700.0298967,
        1393488404.7317145,
        1641536561.3826463,
        1464489467.2173197,
        1129702042.6304004,
        1120585841.3654306,
        860922306.6322232,
        946215861.609385,
        991358933.263406,
        1303128184.110466,
        1429638369.4082422,
        1463435961.81702,
        1360190310.9623492,
        1283577192.8740969,
        1572899233.2197134,
        1594699980.6600876,
        1874814885.821298,
        1751237369.0554368,
        1594032969.2527778,
        1321615066.540179,
        1640451663.1095927,
        1774897145.6389675,
        1532768787.3145173,
        1582230663.8349001,
        1224177281.1553385,
        1330910721.5344603,
        1231688650.823019,
        1001437452.7323607,
        858657177.1804186,
        555933419.169408,
        486109014.1626924,
        569239102.9298306,
        644058206.4616205,
        1014493661.3755952,
        1238867051.4748025,
        1581718219.352751,
        1827478205.1107316,
        2157760255.0894456,
        2427618949.716307,
        2514759312.4988174
      ],
      [
        1647424609.7730982,
        1320824412.4074132,
        994752549.6172327,
        635248794.4467108,
        384024517.00070107,
        0.0,
        381183890.86567265,
        685231822.3880448,
        833301216.1106893,
        678959701.5266535,
        613149029.0878724,
        430271193.84100413,
        647739105.2106719,
        882737248.8476349,
        1103448205.2668145,
        1446761583.580108,
        1551682147.7543836,
        1831335182.7484727,
        1847371807.6717083,
        2106885464.4773371,
        1883724279.196132,
        1862421232.0294461,
        1570166980.522469,
        1748080822.1826088,
        1730139737.5659676,
        1359285428.459909,
        1331865810.882715,
        1602624850.9940054,
        1436000586.200868,
        1137807515.5143192,
        1430182267.7861667,
        1619242186.3146372,
        1376956023.0671055,
        1229044553.042923,
        1496999658.5967603,
        1346881682.123566,
        1619914653.894497,
        1559491636.7565355,
        1749750172.5835924,
        1499158538.6852412,
        1203589115.041763,
        1164967997.7929451,
        971070323.1093684,
        986271807.5608306,
        1074257046.2439437,
        1329325624.5532055,
        1401009124.191714,
        1513873601.4868283,
        1431052707.9880311,
        1454708842.6199207,
        1769934859.7532594,
        1839944760.2106316,
        2148396679.79574,
        2030544082.7964244,
        1912796871.7812767,
        1637616763.6145177,
        1944474172.3963368,
        2043015645.7897453,
        1759266059.6925178,
        1818059269.379979,
        1478894564.6841547,
        1589169332.2525477,
        1500878485.014019,
        1213691835.9324641,
        1047221675.488721,
        677220290.7008171,
        630244085.6590755,
        497478968.4459322,
        603817809.3522193,
        890557314.7760899,
        1149995795.4778528,
        1510979083.4843655,
        1752232484.642091,
        2111015029.4652839,
        2334017711.2162385,
        2364641170.0475464
      ],
      [
        1953711939.8234274,
        1633686791.9343686,
        1317647802.8831787,
        973459368.459779,
        646570832.5708796,
        381183890.86567265,
        0.0,
        383227121.9634685,
        550316882.3673079,
        581048430.7182053,
        557143397.8747716,
        605943135.0814133,
        798852611.1217145,
        1121378693.8104522,
        1313743897.5444605,
        1679770978.1847465,
        1780186427.6234066,
        2075062485.082615,
        2097994748.9734042,
        2314809979.1817923,
        2049587563.2255003,
        1975749584.1316092,
        1647814922.8085823,
        1759498660.201254,
        1785766201.983708,
        1442251315.5934253,
        1311420370.0784137,
        1571983561.8242626,
        1466424507.4810572,
        1111924761.765829,
        1317373985.745794,
        1557687574.15489,
        1337666378.790934,
        1095329627.5455947,
        1307683700.9209743,
        1118091166.3019574,
        1404022688.895704,
        1403866650.4765608,
        1547610243.6521497,
        1245920169.6530716,
        1019091335.1974608,
        1036837326.3517456,
        974314294.047485,
        1061688956.5991644,
        1263735899.4625492,
        1532732165.9089184,
        1515464859.3018606,
        1604621223.0453005,
        1452811761.1366105,
        1516267190.868938,
        1793433118.6002965,
        1849367600.9701526,
        2195162984.6148467,
        2137045622.5341666,
        2072865405.271564,
        1848717151.2902172,
        2184513775.211006,
        2242985284.9403725,
        1974483023.2209558,
        2090315605.3275805,
        1769872631.117921,
        1922855512.4270287,
        1852121808.1969423,
        1583368374.8024406,
        1405444870.1976898,
        1032137549.8309807,
        883584146.1320843,
        614333249.159137,
        501075622.1227552,
        658866816.7459235,
        848059048.7945582,
        1220945546.7867649,
        1423188125.7800999,
        1793127166.66057,
        1990411162.528187,
        2007531628.7195797
      ],
      [
        2315493828.3109474,
        1994582841.0021813,
        1668382847.6304717,
        1317116731.358566,
        1007757470.9873561,
        685231822.3880448,
        383227121.9634685,
        0.0,
        381774959.62395227,
        557301906.2911431,
        735688506.6012247,
        907504302.3877319,
        1158841245.2966616,
        1489530251.809748,
        1696353441.964562,
        2061350378.8481636,
        2152805199.540353,
        2434859450.8979816,
        2430464949.8004966,
        2646312378.9196353,
        2385202125.3250437,
        2278525700.633179,
        1929587261.5676851,
        2034167943.9252493,
        2106629411.826966,
        1778154909.8553092,
        1609424455.31843,
        1879790085.2054026,
        1814941845.6091037,
        1448665366.6352928,
        1600667851.8806093,
        1868261830.922906,
        1660739945.4195082,
        1370406609.8767636,
        1534209458.928201,
        1312662386.967484,
        1578915643.6603172,
        1606822326.8307698,
        1671369551.5923831,
        1323639082.110946,
        1168521356.7658827,
        1145678085.1888218,
        1164599528.4268177,
        1195846100.6743753,
        1429894930.8609102,
        1642168462.881288,
        1554800454.5844753,
        1688947317.1816726,
        1550123931.136583,
        1696004956.413081,
        1973464134.6646056,
        2070761572.1951966,
        2429990189.1039753,
        2381807335.2494836,
        2359301774.358954,
        2144400323.7269228,
        2471174349.6965594,
        2490282237.064684,
        2200705345.7196164,
        2336917631.569441,
        2043559488.4216993,
        2215108721.094369,
        2170393529.3853445,
        1888359293.7133262,
        1683466845.9015923,
        1300594123.124071,
        1147218337.5648766,
        804968920.5068092,
        706653388.4238231,
        655581969.0768964,
        832387661.3811707,
        1162415593.7973595,
        1348312986.147142,
        1725385495.5433202,
        1859966620.599825,
        1809306569.2274506
      ],
      [
        2421254876.1598673,
        2073496377.03107,
        1790915864.9866438,
        1420490123.6474953,
        1152989954.068194,
        833301216.1106893,
        550316882.3673079,
        381774959.62395227,
        0.0,
        377348071.78576887,
        557133838.8060131,
        868048274.7765678,
        1134903904.3264022,
        1496220877.0089488,
        1749035759.5158553,
        2125730089.4291444,
        2276463238.9154224,
        2591641078.467794,
        2636058116.916028,
        2855923781.1111293,
        2582789986.6274915,
        2508962352.7332406,
        2176907217.7855525,
        2251440815.709748,
        2278646949.9197454,
        1950501312.889283,
        1781640630.4260209,
        1995778743.3331137,
        1891726577.0593815,
        1519969693.4881206,
        1644712302.9756095,
        1864044979.3042674,
        1610472759.3193185,
        1298507802.1878734,
        1491935031.0007985,
        1349231347.7100906,
        1670020525.5616417,
        1770845198.0253103,
        1865979967.2790618,
        1513898656.4840553,
        1403767904.47468,
        1458184131.8436377,
        1479942134.70141,
        1544443303.8578017,
        1755469677.825414,
        1974199899.256826,
        1918001733.8402278,
        2055503638.5695457,
        1911245709.6844413,
        2025303463.3303483,
        2290733361.037991,
        2347266402.463043,
        2707389372.4286966,
        2671719115.940032,
        2620508874.964038,
        2398540157.8275504,
        2730846343.8862066,
        2786264075.645751,
        2506197263.571715,
        2614674142.4675574,
        2294287875.49563,
        2422029138.318295,
        2321971857.5373526,
        2014236630.9717517,
        1871700887.7564626,
        1498031999.0523233,
        1407211470.7220137,
        1112624923.113118,
        1000988559.184077,
        987893354.5702146,
        1068938379.8486112,
        1402307024.801704,
        1504195722.9854841,
        1879868288.7823722,
        1980552337.4943368,
        1912635433.810202
      ],
      [
        2216837885.306441,
        1854482383.7099776,
        1588572870.0838318,
        1206906590.8791018,
        1023571000.4570059,
        678959701.5266535,
        581048430.7182053,
        557301906.2911431,
        377348071.78576887,
        0.0,
        376835137.1568884,
        639705487.7730161,
        983029877.9761138,
        1305913729.0252287,
        1609935829.1221278,
        1973423720.8082557,
        2150331346.0214047,
        2461372879.09269,
        2511286925.514943,
        2768606922.4624825,
        2528000676.653209,
        2501641213.216209,
        2195026761.0939994,
        2317076299.305946,
        2302763802.003981,
        1947949589.2597888,
        1850154792.824924,
        2069285389.0436552,
        1904580944.0362983,
        1560558092.7048712,
        1757156663.4846594,
        1930949542.0058193,
        1634594862.3295178,
        1385701777.4662328,
        1651221237.6913066,
        1547487049.8430452,
        1882737257.2355294,
        1944335379.2598383,
        2087410047.2517617,
        1761269554.6172473,
        1582930177.8067064,
        1601198974.2697992,
        1530896408.499561,
        1544253618.3067145,
        1676858117.5811143,
        1870651535.4331183,
        1879473698.6885571,
        2052474343.9271362,
        1963518706.5787683,
        2055785334.3286562,
        2356559462.9058957,
        2423360481.728439,
        2760600792.1157365,
        2677808678.1303573,
        2580647691.085739,
        2315596885.2276096,
        2622368038.6221056,
        2714611301.598203,
        2419111822.7185826,
        2474284280.3885584,
        2139267044.218681,
        2216875208.410607,
        2086964977.3729622,
        1751758727.3920991,
        1645003549.3350298,
        1289997277.273591,
        1293443639.776732,
        1064683387.0312662,
        1068842028.3510985,
        1163128071.4563403,
        1327542204.2955759,
        1683076841.4452488,
        1828895406.2863555,
        2207389041.7610044,
        2334000597.952642,
        2276449839.5082607
      ],
      [
        1974395037.641893,
        1608495826.522865,
        1381403685.3052988,
        1014383098.5922154,
        845406443.7201955,
        613149029.0878724,
        557143397.8747716,
        735688506.6012247,
        557133838.8060131,
        376835137.1568884,
        0.0,
        380617321.386404,
        655641622.6273948,
        1001976946.8129665,
        1305343888.7895422,
        1673733144.1907554,
        1881905297.3578596,
        2217609381.336593,
        2314598427.6579895,
        2556291911.540044,
        2300022460.2356963,
        2303205729.941722,
        2022821184.6179779,
        2118674979.510268,
        2056644319.8068635,
        1708861704.895262,
        1627870665.338223,
        1800833238.3063002,
        1599930084.2764223,
        1271650816.1445172,
        1476261527.603673,
        1604453752.4650526,
        1285202806.776165,
        1067045038.2529789,
        1373957024.9508395,
        1331414981.0200512,
        1688295558.264928,
        1763676090.0379686,
        1963882631.7605104,
        1673412714.4621198,
        1483880534.4396558,
        1567399731.0817356,
        1476514189.6157677,
        1559700324.987039,
        1685593845.5355275,
        1933163682.0558145,
        1981116387.4234185,
        2100378017.8190455,
        1978155506.671366,
        2000870020.0296378,
        2276407053.2231903,
        2288207881.5516567,
        2614966021.6962433,
        2546920337.682622,
        2419621852.338677,
        2165204317.9536533,
        2484662974.638181,
        2612203064.614651,
        2351347980.4945264,
        2396501112.468302,
        2038572909.7763033,
        2095442799.2564614,
        1926592234.3783588,
        1608958663.5622783,
        1552789728.764917,
        1222376958.7609606,
        1231849847.865166,
        1075105331.6859567,
        1029785425.7572881,
        1206226624.5207121,
        1325972260.3805785,
        1700983159.6425,
        1827231365.7187684,
        2196231715.262678,
        2361497938.1601653,
        2358530297.8743763
      ],
      [
        1602792398.9903784,
        1236353089.8194864,
        1006051786.4136585,
        640108517.3741223,
        546383555.8604864,
        430271193.84100413,
        605943135.0814133,
        907504302.3877319,
        868048274.7765678,
        639705487.7730161,
        380617321.386404,
        0.0,
        379256733.68529266,
        666736524.6560475,
        985623970.718692,
        1341244289.8134303,
        1545149606.0265393,
        1870499397.6043458,
        1966966334.249279,
        2228162191.992871,
        1997658790.199228,
        2036873629.400856,
        1786479727.0643163,
        1924876567.1900272,
        1830713415.5956295,
        1466913945.9207551,
        1462534955.8831694,
        1648678609.7769475,
        1407490368.769706,
        1127174735.152585,
        1412473573.0580688,
        1513998242.4676788,
        1198832015.654844,
        1080616579.6233397,
        1416905514.859609,
        1375809109.1834512,
        1704055130.6461835,
        1709764166.2887237,
        1951407347.3542712,
        1709446085.7066448,
        1450557937.3919697,
        1501154877.041179,
        1324659327.4706476,
        1391646699.9835427,
        1452101027.54337,
        1708238359.957132,
        1817174636.8464592,
        1921063925.5322711,
        1827280096.5827627,
        1802516397.3833938,
        2090752876.3088458,
        2100857545.9661727,
        2397468809.178655,
        2293264243.467095,
        2128301555.266297,
        1849978992.4018188,
        2152559611.064275,
        2309421802.3935885,
        2055073255.3199782,
        2067436804.7543442,
        1699119116.3845346,
        1730178980.28522,
        1548132740.675806,
        1235257350.9908314,
        1199627014.2171693,
        898688486.4574746,
        964076298.2178419,
        917655881.1557976,
        952258852.0673603,
        1231217423.464344,
        1408309381.8868387,
        1785754539.8744297,
        1963616419.9612,
        2323314772.4855604,
        2535582537.131867,
        2569844615.2680783
      ],
      [
        1371688948.9061687,
        1021753475.2327484,
        846933421.5675925,
        571163349.6641008,
        511596899.7705013,
        647739105.2106719,
        798852611.1217145,
        1158841245.2966616,
        1134903904.3264022,
        983029877.9761138,
        655641622.6273948,
        379256733.68529266,
        0.0,
        378908385.8961335,
        652736046.4592398,
        1021452563.0938183,
        1249027063.813275,
        1601192493.155636,
        1749949454.603829,
        1979643678.3998342,
        1728676825.3980887,
        1796987738.3653464,
        1584583497.6740556,
        1689555268.2905464,
        1541918196.9571288,
        1195838924.4579058,
        1223595084.8214283,
        1352804160.3338113,
        1069927563.4964651,
        835769499.9094853,
        1144111606.7983263,
        1189064305.4280686,
        873361439.9373742,
        849913562.5196776,
        1202439576.790874,
        1218241863.5018828,
        1530004120.1186366,
        1528110568.1065652,
        1823151453.4440944,
        1640587543.584532,
        1377083661.4172983,
        1486138804.9354043,
        1299951352.9980512,
        1442724407.70996,
        1501334223.940888,
        1804141600.2678514,
        1934907089.1663718,
        1970644133.6986997,
        1840009867.0546207,
        1739333124.2724028,
        1983272698.6355286,
        1930795745.260915,
        2206710942.074136,
        2124097729.2652771,
        1933159506.0879695,
        1682673918.8822145,
        1997470625.408769,
        2183708620.3631625,
        1981176715.7276058,
        1994688840.2437015,
        1618493671.2600102,
        1641313623.2832797,
        1435017643.6231682,
        1182958502.6143477,
        1194742736.88451,
        960192751.3572036,
        993815200.7702019,
        1035304760.0474207,
        1007272165.077533,
        1328810410.4171293,
        1453207427.5896826,
        1817449098.2099264,
        1978110504.90902,
        2311282289.7198906,
        2559890503.6440663,
        2647162362.7810755
      ],
      [
        1015853474.5054398,
        662123639.615499,
        581733409.0731305,
        462008786.7251789,
        628559009.6451787,
        882737248.8476349,
        1121378693.8104522,
        1489530251.809748,
        1496220877.0089488,
        1305913729.0252287,
        1001976946.8129665,
        666736524.6560475,
        378908385.8961335,
        0.0,
        379665519.12026143,
        695170724.2291473,
        964671616.6586449,
        1311409474.2467072,
        1494820112.6462698,
        1743430498.0876987,
        1534891392.1303031,
        1675902507.1405456,
        1533670655.0508955,
        1672869192.5032923,
        1464585388.0669522,
        1132207104.253478,
        1274343025.1754558,
        1374692889.2500489,
        1039021360.7761716,
        934662281.437503,
        1282726426.7540195,
        1255832599.9959161,
        973353676.7717059,
