{
  "job_id": "analysis",
  "pdb_id": "MOCK",
  "chain_id": "A",
  "num_structures": 10,
  "num_residues": 50,
  "residues": [
    {
      "index": 0,
      "residue_number": 1,
      "residue_name": "ALA",
      "flex_score": 2.303664451656674,
      "dsa_score": 42.041365808745894
    },
    {
      "index": 1,
      "residue_number": 2,
      "residue_name": "ALA",
      "flex_score": 2.0748490882750494,
      "dsa_score": 43.77831459703549
    },
    {
      "index": 2,
      "residue_number": 3,
      "residue_name": "ALA",
      "flex_score": 2.815194419671072,
      "dsa_score": 30.73489905339443
    },
    {
      "index": 3,
      "residue_number": 4,
      "residue_name": "ALA",
      "flex_score": 2.681700967742747,
      "dsa_score": 30.750290135354938
    },
    {
      "index": 4,
      "residue_number": 5,
      "residue_name": "ALA",
      "flex_score": 2.5644264076022134,
      "dsa_score": 31.382230080432088
    },
    {
      "index": 5,
      "residue_number": 6,
      "residue_name": "ALA",
      "flex_score": 2.1363155626936425,
      "dsa_score": 36.97210691667329
    },
    {
      "index": 6,
      "residue_number": 7,
      "residue_name": "ALA",
      "flex_score": 2.0084560769543547,
      "dsa_score": 38.32678867060118
    },
    {
      "index": 7,
      "residue_number": 8,
      "residue_name": "ALA",
      "flex_score": 2.6925084548246816,
      "dsa_score": 27.097315865218697
    },
    {
      "index": 8,
      "residue_number": 9,
      "residue_name": "ALA",
      "flex_score": 2.497917771598562,
      "dsa_score": 28.428712970654566
    },
    {
      "index": 9,
      "residue_number": 10,
      "residue_name": "ALA",
      "flex_score": 2.081856074417639,
      "dsa_score": 34.50099851303445
    },
    {
      "index": 10,
      "residue_number": 11,
      "residue_name": "ALA",
      "flex_score": 2.154362463005056,
      "dsa_score": 31.30296902861875
    },
    {
      "index": 11,
      "residue_number": 12,
      "residue_name": "ALA",
      "flex_score": 3.254722791676123,
      "dsa_score": 19.227085723038936
    },
    {
      "index": 12,
      "residue_number": 13,
      "residue_name": "ALA",
      "flex_score": 2.4398544724485363,
      "dsa_score": 25.28270403438905
    },
    {
      "index": 13,
      "residue_number": 14,
      "residue_name": "ALA",
      "flex_score": 2.7464948726084084,
      "dsa_score": 21.71891980397919
    },
    {
      "index": 14,
      "residue_number": 15,
      "residue_name": "ALA",
      "flex_score": 2.140265953394796,
      "dsa_score": 27.218900690384192
    },
    {
      "index": 15,
      "residue_number": 16,
      "residue_name": "ALA",
      "flex_score": 2.2773647013063565,
      "dsa_score": 24.627697131812802
    },
    {
      "index": 16,
      "residue_number": 17,
      "residue_name": "ALA",
      "flex_score": 2.0913206063965695,
      "dsa_score": 26.179044227588662
    },
    {
      "index": 17,
      "residue_number": 18,
      "residue_name": "ALA",
      "flex_score": 3.122654701784894,
      "dsa_score": 17.071719837161343
    },
    {
      "index": 18,
      "residue_number": 19,
      "residue_name": "ALA",
      "flex_score": 2.887809005966798,
      "dsa_score": 17.894320748053858
    },
    {
      "index": 19,
      "residue_number": 20,
      "residue_name": "ALA",
      "flex_score": 2.1930226089052063,
      "dsa_score": 24.347291899966326
    },
    {
      "index": 20,
      "residue_number": 21,
      "residue_name": "ALA",
      "flex_score": 2.0273567369354524,
      "dsa_score": 26.14235989358
    },
    {
      "index": 21,
      "residue_number": 22,
      "residue_name": "ALA",
      "flex_score": 2.4910887702615443,
      "dsa_score": 20.482577513525126
    },
    {
      "index": 22,
      "residue_number": 23,
      "residue_name": "ALA",
      "flex_score": 2.5070210137364506,
      "dsa_score": 19.509785349905993
    },
    {
      "index": 23,
      "residue_number": 24,
      "residue_name": "ALA",
      "flex_score": 2.5070857148036785,
      "dsa_score": 20.051740798311506
    },
    {
      "index": 24,
      "residue_number": 25,
      "residue_name": "ALA",
      "flex_score": 2.7128013802334765,
      "dsa_score": 18.924363343321446
    },
    {
      "index": 25,
      "residue_number": 26,
      "residue_name": "ALA",
      "flex_score": 3.060682146764597,
      "dsa_score": 16.048471609050537
    },
    {
      "index": 26,
      "residue_number": 27,
      "residue_name": "ALA",
      "flex_score": 2.6865145437472755,
      "dsa_score": 18.189601407971193
    },
    {
      "index": 27,
      "residue_number": 28,
      "residue_name": "ALA",
      "flex_score": 2.2790090714098055,
      "dsa_score": 22.26639765077684
    },
    {
      "index": 28,
      "residue_number": 29,
      "residue_name": "ALA",
      "flex_score": 2.432569734903307,
      "dsa_score": 20.959755366765496
    },
    {
      "index": 29,
      "residue_number": 30,
      "residue_name": "ALA",
      "flex_score": 2.6062661089791552,
      "dsa_score": 20.136288645381917
    },
    {
      "index": 30,
      "residue_number": 31,
      "residue_name": "ALA",
      "flex_score": 2.0994212972988984,
      "dsa_score": 25.391744023565128
    },
    {
      "index": 31,
      "residue_number": 32,
      "residue_name": "ALA",
      "flex_score": 2.632795845446401,
      "dsa_score": 19.80193180109132
    },
    {
      "index": 32,
      "residue_number": 33,
      "residue_name": "ALA",
      "flex_score": 2.669568147420886,
      "dsa_score": 20.86758092714956
    },
    {
      "index": 33,
      "residue_number": 34,
      "residue_name": "ALA",
      "flex_score": 2.146817153794186,
      "dsa_score": 27.68523995155356
    },
    {
      "index": 34,
      "residue_number": 35,
      "residue_name": "ALA",
      "flex_score": 2.424996568511868,
      "dsa_score": 24.04680975500445
    },
    {
      "index": 35,
      "residue_number": 36,
      "residue_name": "ALA",
      "flex_score": 2.5888425627665517,
      "dsa_score": 22.68848321857552
    },
    {
      "index": 36,
      "residue_number": 37,
      "residue_name": "ALA",
      "flex_score": 2.5553928449130687,
      "dsa_score": 23.414036545649026
    },
    {
      "index": 37,
      "residue_number": 38,
      "residue_name": "ALA",
      "flex_score": 3.116741071857361,
      "dsa_score": 19.258746394921612
    },
    {
      "index": 38,
      "residue_number": 39,
      "residue_name": "ALA",
      "flex_score": 2.4041842142798564,
      "dsa_score": 25.96278805751399
    },
    {
      "index": 39,
      "residue_number": 40,
      "residue_name": "ALA",
      "flex_score": 2.2235344024069383,
      "dsa_score": 30.519211881560725
    },
    {
      "index": 40,
      "residue_number": 41,
      "residue_name": "ALA",
      "flex_score": 2.2032871826685767,
      "dsa_score": 33.92801813720318
    },
    {
      "index": 41,
      "residue_number": 42,
      "residue_name": "ALA",
      "flex_score": 2.558210978292548,
      "dsa_score": 28.229999954622617
    },
    {
      "index": 42,
      "residue_number": 43,
      "residue_name": "ALA",
      "flex_score": 2.142069708405086,
      "dsa_score": 35.884156015886916
    },
    {
      "index": 43,
      "residue_number": 44,
      "residue_name": "ALA",
      "flex_score": 2.5942239762269566,
      "dsa_score": 28.847711866259203
    },
    {
      "index": 44,
      "residue_number": 45,
      "residue_name": "ALA",
      "flex_score": 2.34552489046147,
      "dsa_score": 34.96502508741682
    },
    {
      "index": 45,
      "residue_number": 46,
      "residue_name": "ALA",
      "flex_score": 2.878739807741559,
      "dsa_score": 28.62410219022411
    },
    {
      "index": 46,
      "residue_number": 47,
      "residue_name": "ALA",
      "flex_score": 2.8286019948291385,
      "dsa_score": 30.649641168275867
    },
    {
      "index": 47,
      "residue_number": 48,
      "residue_name": "ALA",
      "flex_score": 2.8154635099459373,
      "dsa_score": 31.89487787000891
    },
    {
      "index": 48,
      "residue_number": 49,
      "residue_name": "ALA",
      "flex_score": 2.675721973547472,
      "dsa_score": 34.856939191867845
    },
    {
      "index": 49,
      "residue_number": 50,
      "residue_name": "ALA",
      "flex_score": 2.454120110822643,
      "dsa_score": 40.92483313330496
    }
  ],
  "flex_stats": {
    "min": 2.0084560769543547,
    "max": 3.254722791676123,
    "mean": 2.49666829832683,
    "median": 2.502469392667506
  },
  "pair_matrix": {
    "type": "dsa_score",
    "size": 50,
    "values": [
      [
        0.0,
        3.0359076644304523,
        4.021119856597304,
        7.768262743304328,
        6.091532569319778,
        12.746919074282227,
        14.440724637844948,
        9.261420424780964,
        13.857395044104793,
        18.476239390748848,
        15.820551814993776,
        12.590536294288302,
        18.865583609837117,
        21.221166298809422,
        21.656814540026446,
        22.637787442954707,
        29.158246416606293,
        23.672100472740862,
        28.963260656664175,
        34.59466385429166,
        35.38372991065054,
        26.281857179728952,
        32.04997758162159,
        34.91749875925527,
        31.920289504196443,
        34.66858184064374,
        38.25798764559828,
        45.16562878726133,
        45.117170334071396,
        41.871206875831,
        62.301660238760576,
        52.448288280256406,
        72.27267440284704,
        69.06654988694666,
        60.679631376213,
        75.49598500208508,
        49.79185203355729,
        56.34993764085487,
        79.62602934174643,
        59.122491441358534,
        69.9186172545722,
        71.87491440650282,
        100.50512928937282,
        66.47502307889852,
        68.54897886871984,
        60.160362415230814,
        108.83309429221435,
        55.89289321466555,
        72.24826511803475,
        63.90038582022645
      ],
      [
        3.0359076644304523,
        0.0,
        2.3425047397201033,
        5.370531925906835,
        5.3375913159600366,
        7.893160530052156,
        14.89127851302778,
        9.2266839529009,
        12.581334804363134,
        15.180600102895534,
        15.485787832786778,
        10.508478695126904,
        18.254221258057182,
        17.985432559459795,
        27.214251708272265,
        26.59022564675703,
        33.72327504917086,
        21.94094711438652,
        30.36945790147174,
        38.04437570002751,
        39.21742132053499,
        30.194780561017666,
        34.93719342454059,
        34.400259479248405,
        38.68875839932512,
        33.24421728117432,
        41.50574531226405,
        51.11554358120108,
        41.401679301827166,
        47.95068954849284,
        79.741838723808,
        46.35041660089977,
        66.92146691579636,
        76.037001507423,
        51.99132955532681,
        72.18524012066865,
        51.7620507684889,
        44.21436348562802,
        72.87388685601111,
        82.70393371287746,
        79.43251706252752,
        70.51522136713106,
        103.28401862075323,
        70.16851167346016,
        66.24966373374447,
        92.91373873026804,
        84.78162398927414,
        74.0735146774994,
        81.76034574086397,
        68.54439618788969
      ],
      [
        4.021119856597304,
        2.3425047397201033,
        0.0,
        2.1811748847531662,
        4.324267809322017,
        4.781916102268052,
        6.673663445666898,
        5.518957586716394,
        6.339102681254373,
        12.714904726092126,
        13.545577659002598,
        9.433838420818763,
        12.62818452968226,
        12.087434763889659,
        16.436999417364085,
        23.680691691553264,
        19.745009918964904,
        15.989279573692096,
        15.894114192609162,
        22.468823598247084,
        25.70067421683166,
        22.69907018422133,
        26.268859894817098,
        25.011742140987643,
        35.40611029427319,
        41.52577127366836,
        35.4709952740996,
        34.893090437920755,
        44.403043108654096,
        34.71323470075951,
        35.08090648181852,
        47.242416186563204,
        30.686106086060725,
        49.84853410481118,
        53.7175961948087,
        47.3401419145685,
        42.04349616898276,
        35.4147516739857,
        42.93723985931383,
        45.07029904579863,
        77.83489914698748,
        40.72332409668778,
        54.90233764797167,
        50.21157966316401,
        51.667892993029255,
        44.85418578747276,
        52.48056666483915,
        57.0141745044483,
        52.01596848606632,
        58.023479784500886
      ],
      [
        7.768262743304328,
        5.370531925906835,
        2.1811748847531662,
        0.0,
        3.1954263630902173,
        3.4253095954994004,
        5.01698293008323,
        5.034704779914811,
        6.649833572651353,
        9.44451545900338,
        8.435102335434994,
        7.546310349036241,
        12.999319601752434,
        11.402790454870681,
        14.443341589511983,
        13.777759279122572,
        20.101534863186156,
        15.732418328603613,
        21.233001424368386,
        31.073149888861863,
        26.496548022293727,
        22.76457949268417,
        20.671383780342186,
        24.273464964585006,
        26.44256054643744,
        27.929557278664504,
        25.33541825667401,
        39.095993795043086,
        33.150873784335545,
        36.28125993237839,
        41.31721520015175,
        31.820800244118647,
        60.404615282315966,
        55.734626896314495,
        37.77132464055306,
        43.462933028301705,
        40.65516323991757,
        34.30653499350848,
        47.95178492533781,
        52.684793064037564,
        50.939291869284794,
        70.21457281712698,
        64.32441158889353,
        50.09900944346836,
        52.35667889876278,
        53.97753901289861,
        58.98440445777802,
        51.266073821006515,
        62.7290633369053,
        58.490269649316424
      ],
      [
        6.091532569319778,
        5.3375913159600366,
        4.324267809322017,
        3.1954263630902173,
        0.0,
        3.1684106316161103,
        4.22654418391323,
        3.5850538579748426,
        5.6703016530038415,
        8.02873811868902,
        11.363170944665809,
        7.54103259958891,
        11.29564038920644,
        8.490799195913397,
        17.30787288018898,
        26.254598093443974,
        19.873357095665895,
        12.435998879748784,
        15.059854222216062,
        21.10707895644329,
        23.965791907251596,
        28.899234719718383,
        28.47188504013091,
        26.92800003068778,
        88.78532748977247,
        35.325632409160704,
        28.254200737491935,
        34.5948118565865,
        42.493010316420275,
        28.830085108531087,
        35.645907450451226,
        37.025066459994804,
        32.44053914025396,
        44.67520125749785,
        39.44246629747027,
        49.278172985967075,
        38.8197724455467,
        32.354453170139195,
        44.281959653424806,
        65.81534670091823,
        61.05233100508177,
        46.26583940204529,
        55.87401651010257,
        52.67412624637734,
        55.46120149261148,
        58.08667343561444,
        56.58771335551393,
        51.94168545571688,
        53.405616147193875,
        65.69593595352825
      ],
      [
        12.746919074282227,
        7.893160530052156,
        4.781916102268052,
        3.4253095954994004,
        3.1684106316161103,
        0.0,
        4.0113417970480025,
        3.368545511799345,
        5.307717185202186,
        10.89877890707518,
        8.79609176492267,
        7.638088779263146,
        12.293363971048304,
        14.428510233498676,
        15.539151710621384,
        15.728795972428214,
        20.75959094199204,
        22.976884522599626,
        19.30540110865068,
        39.32458004108207,
        42.98051020852498,
        23.612754766874342,
        23.20074072013234,
        29.22730803288918,
        24.92773808321478,
        26.32262629788114,
        33.42421285835313,
        39.00442998849185,
        38.92428076633607,
        50.16185043394368,
        55.33510280276738,
        47.54097983729549,
        52.04727324996894,
        92.33407501516649,
        58.80535488836759,
        45.427697183848366,
        51.205685666927,
        40.63852265933229,
        58.67127533283584,
        58.076393507391906,
        69.82984175953965,
        80.98455265257662,
        93.81349762708496,
        62.86311344500629,
        68.91504800529064,
        47.93439582013046,
        56.76186101767891,
        57.76613579635141,
        74.91086852978749,
        73.59255358205277
      ],
      [
        14.440724637844948,
        14.89127851302778,
        6.673663445666898,
        5.01698293008323,
        4.22654418391323,
        4.0113417970480025,
        0.0,
        3.3512712299234995,
        5.426193762663523,
        7.898698889080389,
        7.902936437118334,
        6.026288006990868,
        10.069116346674791,
        9.886061858853347,
        19.059544184440487,
        24.58696323661751,
        20.97562357907176,
        16.75923419547126,
        19.42494388137032,
        27.376723456685983,
        34.65421993795047,
        28.324786288507173,
        30.070434020859036,
        30.574086084527277,
        32.5867878154926,
        25.170008654615735,
        45.817203819671235,
        37.57230250148373,
        38.767101970604664,
        42.397291951645656,
        49.22752961554691,
        54.06863380381839,
        39.16702010258093,
        83.14757706127602,
        52.927887815999966,
        67.68722500401648,
        43.27324077333516,
        40.06229415894875,
        67.24791358846981,
        86.15119579815585,
        102.98176401495269,
        78.83285301736669,
        97.13621332868881,
        54.74425657746796,
        80.17636466746191,
        56.652081962282935,
        65.28102331525996,
        54.89913087927423,
        61.55460601453949,
        68.85547574211118
      ],
      [
        9.261420424780964,
        9.2266839529009,
        5.518957586716394,
        5.034704779914811,
        3.5850538579748426,
        3.368545511799345,
        3.3512712299234995,
        0.0,
        1.9535926755179016,
        3.6487976180449975,
        4.689208830181689,
        5.172886998109625,
        11.660340958653181,
        7.0074568749827355,
        14.301617900320316,
        11.203789195039885,
        20.742655104365582,
        10.352969675054219,
        21.341959981349483,
        23.09737979096456,
        22.454491962355867,
        25.337187146010834,
        23.34897675436853,
        23.53252628402098,
        21.02465164649843,
        19.642772540362458,
        29.836118135557925,
        38.83753893697617,
        24.922379099345566,
        35.30617961097071,
        33.432103271517796,
        26.95898118051095,
        26.61862324522062,
        43.25757275394004,
        30.665749366568104,
        35.97613003786362,
        37.933148553658135,
        28.115681090392744,
        35.99054627146451,
        73.33425278022601,
        61.20194722732517,
        44.827678303156944,
        43.63742673595582,
        38.23266123476436,
        52.6597669949723,
        48.3735298078508,
        39.60439678222921,
        60.20470157376807,
        48.49787944597414,
        79.48358567529431
      ],
      [
        13.857395044104793,
        12.581334804363134,
        6.339102681254373,
        6.649833572651353,
        5.6703016530038415,
        5.307717185202186,
        5.426193762663523,
        1.9535926755179016,
        0.0,
        4.692327629862931,
        4.428458430233594,
        3.1958408393620026,
        6.301610890506727,
        6.0547807019341855,
        12.070804600782392,
        11.229108698943508,
        14.170284116561014,
        10.507062964815049,
        13.897655472472286,
        17.720102915395756,
        20.447512407550164,
        19.951774492836243,
        22.30974567289665,
        26.379249547758395,
        19.032883315998067,
        15.89604873059653,
        20.67752319790906,
        26.336592283479206,
        27.85030557570958,
        24.253775886991292,
        49.01792875891098,
        27.505469472583396,
        40.76390701524115,
        33.736767176160114,
        38.98751098285815,
        36.3229005973702,
        36.681903517830094,
        40.41497494048182,
        54.314877814482934,
        54.289521823057804,
        42.35894146561052,
        50.67136288756433,
        77.50417763755573,
        55.01766008472955,
        81.67624516692864,
        52.94170953915567,
        65.03346769354042,
        45.17025403078834,
        65.95414649649383,
        59.454288709374225
      ],
      [
        18.476239390748848,
        15.180600102895534,
        12.714904726092126,
        9.44451545900338,
        8.02873811868902,
        10.89877890707518,
        7.898698889080389,
        3.6487976180449975,
        4.692327629862931,
        0.0,
        2.4978376434983867,
        2.3898750054903606,
        5.2116531660556245,
        5.170545488133582,
        14.0446647776642,
        13.427195375106791,
        15.605723221817748,
        11.491106759607714,
        11.458045485060932,
        30.035669994471498,
        40.01025057681517,
        26.52808507536679,
        18.79766020545614,
        20.01538469049203,
        24.73823951374523,
        21.82947560433385,
        27.26935711530309,
        42.642911850065474,
        44.77659137744896,
        47.21800524395288,
        42.34126624203636,
        35.651883772827546,
        32.54221123258171,
        78.84786202715654,
        76.7286954023119,
        40.67806150895812,
        49.441995345619816,
        32.58684047073549,
        48.999783792070396,
        50.81303188180831,
        118.91636430610933,
        55.103238171395816,
        95.61721806023412,
        49.95061820839308,
        80.18845083246867,
        44.89658560009185,
        47.90404518327479,
        66.20462987308807,
        61.847584918999736,
        65.1466812971476
      ],
      [
        15.820551814993776,
        15.485787832786778,
        13.545577659002598,
        8.435102335434994,
        11.363170944665809,
        8.79609176492267,
        7.902936437118334,
        4.689208830181689,
        4.428458430233594,
        2.4978376434983867,
        0.0,
        2.49311086217564,
        4.321790017207685,
        4.5591666224642,
        10.334181014872868,
        13.233588358842212,
        13.697781482151218,
        9.328449178287018,
        9.330127339631439,
        21.16409660984428,
        36.988857379583166,
        26.24496910098206,
        20.58125162335914,
        20.861893053163133,
        26.11317545565115,
        20.678513828238504,
        23.2424721393614,
        35.487763132836776,
        47.24113412629187,
        34.26945759449881,
        42.41783120672267,
        33.71824896641636,
        29.591851881637147,
        50.07422448737841,
        61.016224036765195,
        34.14003438614385,
        58.47366268232313,
        31.99997852033499,
        45.217014118351294,
        52.74288350185588,
        74.69984475306022,
        44.97921641686585,
        67.86332936586771,
        56.44028449948031,
        74.65178881414121,
        46.035709330153146,
        43.84749339908458,
        68.21986093221369,
        62.65445456109421,
        81.92504393014767
      ],
      [
        12.590536294288302,
        10.508478695126904,
        9.433838420818763,
        7.546310349036241,
        7.54103259958891,
        7.638088779263146,
        6.026288006990868,
        5.172886998109625,
        3.1958408393620026,
        2.3898750054903606,
        2.49311086217564,
        0.0,
        2.754786898601944,
        2.3945366825417462,
        3.8299095188541012,
        5.494912186433577,
        6.595515209043873,
        5.223574333351236,
        7.701151182690869,
        8.567292869608023,
        10.803449758267334,
        10.195809596491088,
        17.404862580272386,
        25.721057952452878,
        12.904035128435869,
        16.2898010535152,
        16.988147261194843,
        17.63837494201745,
        19.27954217924906,
        16.328836043047303,
        23.524154461352953,
        26.741662635505627,
        20.796560008385715,
        23.702605878701682,
        25.154374247649518,
        25.472345739189027,
        29.804419905724696,
        34.05112418002207,
        29.503463846363875,
        36.10360635778106,
        31.634330493517243,
        29.364289066800687,
        32.05589244302119,
        43.439322605977935,
        38.75598919798984,
        30.71033429922985,
        38.09493061481829,
        32.54742090738473,
        39.61651866917712,
        70.4019726439951
      ],
      [
        18.865583609837117,
        18.254221258057182,
        12.62818452968226,
        12.999319601752434,
        11.29564038920644,
        12.293363971048304,
        10.069116346674791,
        11.660340958653181,
        6.301610890506727,
        5.2116531660556245,
        4.321790017207685,
        2.754786898601944,
        0.0,
        2.005180731886747,
        3.955758876126048,
        5.031090128150432,
        11.799592007256257,
        5.122178429253189,
        10.681124767198344,
        12.308806147437174,
        13.324990910070404,
        13.206855790184928,
        16.68814469770841,
        33.91027232136956,
        14.355600786613824,
        18.092695628980877,
        18.59656488506489,
        25.782132122399773,
        22.76140847240255,
        20.505006911773602,
        32.31176557017464,
        23.655106606836032,
        26.265538222374833,
        30.290837834168475,
        28.46003271220069,
        28.230539153006728,
        33.344361755202854,
        29.025721959111717,
        31.344155677174392,
        54.05748997978274,
        40.589748613539584,
        35.08092118815357,
        43.35927826068958,
        49.98742777408337,
        51.197564833384305,
        40.82181703336743,
        45.93311759026355,
        48.931600731762856,
        60.147556336575484,
        131.03490060204982
      ],
      [
        21.221166298809422,
        17.985432559459795,
        12.087434763889659,
        11.402790454870681,
        8.490799195913397,
        14.428510233498676,
        9.886061858853347,
        7.0074568749827355,
        6.0547807019341855,
        5.170545488133582,
        4.5591666224642,
        2.3945366825417462,
        2.005180731886747,
        0.0,
        2.4807125650246755,
        2.894490169795928,
        5.22560786485836,
        5.512109243417371,
        7.561070397076263,
        8.4893019112725,
        11.985913888267834,
        8.6638794871461,
        14.174526766960868,
        14.196046840287474,
        11.45179696469735,
        12.592892724741864,
        18.619117700583,
        20.053573917984746,
        16.843387376352066,
        22.24640075757378,
        37.97670740230104,
        26.907969442767527,
        29.11600325608418,
        30.713355254613845,
        28.434520723126035,
        29.63601673514952,
        41.989063529706804,
        42.493832601657076,
        44.209683585513986,
        35.452891578120436,
        36.74009449593775,
        36.88971799502156,
        39.533631486952,
        46.34063721633703,
        38.5180105069311,
        39.13335383444693,
        40.04883090959917,
        41.317642391082366,
        45.26900092364995,
        47.82141548270369
      ],
      [
        21.656814540026446,
        27.214251708272265,
        16.436999417364085,
        14.443341589511983,
        17.30787288018898,
        15.539151710621384,
        19.059544184440487,
        14.301617900320316,
        12.070804600782392,
        14.0446647776642,
        10.334181014872868,
        3.8299095188541012,
        3.955758876126048,
        2.4807125650246755,
        0.0,
        4.090456299561393,
        5.184931355313873,
        4.08893056982133,
        5.5491814255659975,
        11.424176702272078,
        17.74227891439644,
        29.536736613113145,
        15.217922370095462,
        13.504793162507939,
        16.26505539972058,
        11.666369484785678,
        16.20513519063178,
        32.651539859013056,
        24.389473653022705,
        27.300037705723586,
        35.79038329958342,
        21.17139282964641,
        24.251077281054794,
        37.827575748642815,
        34.3064043486323,
        30.17080418178951,
        45.83924813570069,
        26.658442160767162,
        41.408161036540584,
        59.70490441847293,
        60.99586076299655,
        44.56807964544813,
        56.763081116065905,
        39.7302592568253,
        78.77140174577177,
        50.48687050967066,
        38.92340069405407,
        60.93425589635372,
        51.764585274665315,
        66.16730149652808
      ],
      [
        22.637787442954707,
        26.59022564675703,
        23.680691691553264,
        13.777759279122572,
        26.254598093443974,
        15.728795972428214,
        24.58696323661751,
        11.203789195039885,
        11.229108698943508,
        13.427195375106791,
        13.233588358842212,
        5.494912186433577,
        5.031090128150432,
        2.894490169795928,
        4.090456299561393,
        0.0,
        2.2888348766180426,
        3.7868317454580303,
        3.573519992810529,
        7.2210425631326505,
        10.106883052156258,
        10.695365517740415,
        13.097154614177782,
        15.0265242425431,
        18.010780950216912,
        14.047588044320927,
        18.536791775085277,
        17.345264768805198,
        24.67122910104362,
        19.24374866444827,
        28.28237395968158,
        29.959120698060026,
        22.103752731940954,
        30.978283066996696,
        36.87771269366875,
        30.09984811180043,
        29.667270276523716,
        25.583145599227386,
        35.41858588128876,
        47.745743959561466,
        50.274931804295015,
        34.2491758143167,
        58.47605531902037,
        51.286669736985125,
        55.78617233134736,
        41.64444389567018,
        44.85621951934037,
        45.46922287429629,
        53.249265742966905,
        57.23615375853119
      ],
      [
        29.158246416606293,
        33.72327504917086,
        19.745009918964904,
        20.101534863186156,
        19.873357095665895,
        20.75959094199204,
        20.97562357907176,
        20.742655104365582,
        14.170284116561014,
        15.605723221817748,
        13.697781482151218,
        6.595515209043873,
        11.799592007256257,
        5.22560786485836,
        5.184931355313873,
        2.2888348766180426,
        0.0,
        3.040949249371128,
        3.590905537232866,
        7.080314315451466,
        9.91900181982037,
        12.186923085023848,
        13.352298007011756,
        12.796678159901088,
        12.253231409260328,
        11.66552497881096,
        13.817426213501468,
        42.42357371095419,
        20.892340745871255,
        20.124119627167815,
        33.86671165938431,
        18.963327237577996,
        24.19852902036373,
        32.627587511303766,
        28.014785622076747,
        29.802194720859006,
        41.56112082011782,
        26.687090733614106,
        35.97567378125579,
        56.99495328980662,
        49.97048661047709,
        37.026757439956576,
        45.45465797285588,
        40.242819350671546,
        58.77898768244421,
        47.4063555397015,
        42.38282513266903,
        55.16203563102905,
        50.491942262212916,
        84.37347517144445
      ],
      [
        23.672100472740862,
        21.94094711438652,
        15.989279573692096,
        15.732418328603613,
        12.435998879748784,
        22.976884522599626,
        16.75923419547126,
        10.352969675054219,
        10.507062964815049,
        11.491106759607714,
        9.328449178287018,
        5.223574333351236,
        5.122178429253189,
        5.512109243417371,
        4.08893056982133,
        3.7868317454580303,
        3.040949249371128,
        0.0,
        2.1016434895840232,
        2.963737147974579,
        4.481457855042223,
        4.18077899822987,
        4.691186216839851,
        6.567820514918063,
        6.870727359242528,
        7.337910967919811,
        12.232641409375132,
        10.050617170016814,
        11.622552982496098,
        19.714888870473402,
        17.682288073015542,
        20.585688420892353,
        18.082101118379427,
        25.237813706768183,
        24.376507359421222,
        18.131434636594367,
        19.26628450912427,
        17.9358400740951,
        25.00503340045817,
        23.589507880511935,
        30.160801431888018,
        32.31851907842741,
        45.36521222398246,
        32.009047984559494,
        31.505234322276117,
        25.88604127775235,
        29.09598522986798,
        33.49787821619398,
        44.19639919447637,
        31.80966566442964
      ],
      [
        28.963260656664175,
        30.36945790147174,
        15.894114192609162,
        21.233001424368386,
        15.059854222216062,
        19.30540110865068,
        19.42494388137032,
        21.341959981349483,
        13.897655472472286,
        11.458045485060932,
        9.330127339631439,
        7.701151182690869,
        10.681124767198344,
        7.561070397076263,
        5.5491814255659975,
        3.573519992810529,
        3.590905537232866,
        2.1016434895840232,
        0.0,
        1.9642617667502695,
        2.6137626805221843,
        3.710492886434998,
        7.050364164126804,
        7.617908021365574,
        6.035731124977897,
        6.84898957742282,
        11.90885686855678,
        12.018976817996036,
        9.494540386068847,
        13.167238490691203,
        18.30822360916616,
        14.504790702985911,
        17.549444753067288,
        20.242762410070014,
        15.758567183140123,
        25.14683537456451,
        19.3472349113363,
        21.226983467920075,
        25.586114933659772,
        38.06119490888319,
        29.003220151509712,
        29.806672763971086,
        30.063090014967663,
        27.395532481962025,
        31.332959821902655,
        38.2121857710786,
        37.53223722684617,
        32.69036627368908,
        35.45002756735876,
        40.135731083622986
      ],
      [
        34.59466385429166,
        38.04437570002751,
        22.468823598247084,
        31.073149888861863,
        21.10707895644329,
        39.32458004108207,
        27.376723456685983,
        23.09737979096456,
        17.720102915395756,
        30.035669994471498,
        21.16409660984428,
        8.567292869608023,
        12.308806147437174,
        8.4893019112725,
        11.424176702272078,
        7.2210425631326505,
        7.080314315451466,
        2.963737147974579,
        1.9642617667502695,
        0.0,
        4.016599806593695,
        4.809538755506697,
        4.618976628325699,
        5.922637448814086,
        6.774784404226427,
        7.298129815766235,
        9.76302615807098,
        18.469930298514623,
        13.906976739431595,
        25.73357566884989,
        24.783427532715407,
        15.375321799033573,
        21.540376083999384,
        36.74959389819348,
        26.689419270140466,
        20.87628923066852,
        29.451988436353215,
        19.014061937943456,
        28.241595939013695,
        36.53229613511712,
        45.51825385436143,
        40.787259325298876,
        57.0429936386708,
        34.820579204866284,
        53.05736353097562,
        34.21728391115153,
        32.633275358342395,
        54.647367278049074,
        56.678546327585735,
        57.0202564515554
      ],
      [
        35.38372991065054,
        39.21742132053499,
        25.70067421683166,
        26.496548022293727,
        23.965791907251596,
        42.98051020852498,
        34.65421993795047,
        22.454491962355867,
        20.447512407550164,
        40.01025057681517,
        36.988857379583166,
        10.803449758267334,
        13.324990910070404,
        11.985913888267834,
        17.74227891439644,
        10.106883052156258,
        9.91900181982037,
        4.481457855042223,
        2.6137626805221843,
        4.016599806593695,
        0.0,
        3.3825373101670237,
        3.4093976101247514,
        5.040009501900944,
        6.134355026573145,
        5.782303332531862,
        8.668922291077479,
        16.585057428740857,
        15.640041970620949,
        23.3579347534022,
        26.10401449708109,
        17.237028489888406,
        18.532733537657776,
        39.13468476932863,
        32.88562947700152,
        20.858175182873733,
        40.563134703047695,
        21.068489159118652,
        34.772937173255784,
        39.111554152553474,
        52.99580877699788,
        44.4039853097081,
        56.34731142072243,
        36.669336080035926,
        59.62726316994565,
        33.561771895344805,
        31.219964855660177,
        48.23077602936903,
        47.96811241925322,
        58.3880179259577
      ],
      [
        26.281857179728952,
        30.194780561017666,
        22.69907018422133,
        22.76457949268417,
        28.899234719718383,
        23.612754766874342,
        28.324786288507173,
        25.337187146010834,
        19.951774492836243,
        26.52808507536679,
        26.24496910098206,
        10.195809596491088,
        13.206855790184928,
        8.6638794871461,
        29.536736613113145,
        10.695365517740415,
        12.186923085023848,
        4.18077899822987,
        3.710492886434998,
        4.809538755506697,
        3.3825373101670237,
        0.0,
        2.64869729604533,
        3.129504029265054,
        5.2559812371024694,
        4.702526478722039,
        5.793411357607685,
        12.817532422402598,
        12.064472679976854,
        13.402944807467502,
        13.823036503481957,
        11.388007437760994,
        12.451108110170358,
        21.00312709957506,
        20.307344279352883,
        17.224402666744243,
        25.230683571488782,
        15.874065655398285,
        23.660355348459458,
        34.61695678576045,
        40.01449764570702,
        32.09445028798281,
        34.91258208170129,
        25.155524042091795,
        56.28057199012958,
        30.439399143935585,
        25.697125129229224,
        38.6620429572673,
        34.34196356738449,
        49.24598650253414
      ],
      [
        32.04997758162159,
        34.93719342454059,
        26.268859894817098,
        20.671383780342186,
        28.47188504013091,
        23.20074072013234,
        30.070434020859036,
        23.34897675436853,
        22.30974567289665,
        18.79766020545614,
        20.58125162335914,
        17.404862580272386,
        16.68814469770841,
        14.174526766960868,
        15.217922370095462,
        13.097154614177782,
        13.352298007011756,
        4.691186216839851,
        7.050364164126804,
        4.618976628325699,
        3.4093976101247514,
        2.64869729604533,
        0.0,
        2.533727312045654,
        3.9490198084323316,
        3.22497901995063,
        5.973223249452072,
        7.930926599898442,
        7.573010674000218,
        8.135194170730822,
        13.600837571930048,
        13.801884676379204,
        11.559499828689727,
        15.677456833745824,
        15.470800810719481,
        23.054096398139947,
        22.31705895710216,
        25.401991108856315,
        29.572457366849395,
        38.505004101258486,
        29.596833415518294,
        24.476605376435877,
        26.298218279269424,
        28.764142383309355,
